0.2562
-0.108216
0.150947
0.239579
0.112986
0.14443
-0.074599
-0.274708
0.096885
-0.086272
-0.171614
0.094002
-0.039017
-0.019548
-0.229742
-0.091486
-0.121174
0.259974
0.117176
-0.048956
-0.084866
-0.147546
0.150205
0.01623
0.331778
0.052348
0.001628
0.037674
-0.088749
0.181189
0.087402
0.246994
0.035624
0.004244
-0.204374
0.084655
0.03452
0.187865
0.051136
-0.090914
-0.150259
0.203792
-0.055802
-0.240013
-0.107281
-0.06688
-0.29651
0.556593
-0.176726
0.239815
-0.163663
0.011815
-0.128627
0.198711
0.38699
-0.077013
-0.081786
0.091292
0.075536
-0.075722
0.051196
0.127337
-0.020259
0.044856
0.091358
-0.031159
0.155905
-0.069525
0.218427
-0.136754
0.078639
0.09254
-0.196222
0.019081
-0.156293
0.408416
0.066185
0.069689
0.200882
-0.105686
-0.174871
-0.134027
-0.096278
-0.007201
-0.129969
0.109452
0.099157
0.04943
0.075149
0.015156
0.061793
0.180396
-0.048446
0.057114
0.049431
-0.283673
0.249015
-0.073555
-0.21581
-0.011675
0.21922
0.168316
-0.137109
0.219596
0.225918
-0.09861
-0.271665
-0.059837
0.094633
-0.051468
0.194721
0.423
0.139898
0.147583
0.070754
-0.060665
-0.039085
0.291227
-0.157624
-0.110153
-0.062279
0.015649
-0.008987
0.017738
0.008436
0.353419
0.318879
-0.14362
-0.188921
-0.07858
-0.243279
0.233164
-0.208805
-0.134169
-0.230619
-0.014249
0.189318
0.158261
-0.198892
0.473868
-0.168584
0.120442
0.147522
0.024677

