0.034369
0.191264
-0.270208
0.338062
0.118605
0.054311
0.099312
0.031425
-0.219996
0.336851
0.311096
0.10583
0.060914
0.206727
0.038825
0.028472
0.229308
0.093377
-0.008664
0.063082
0.044349
-0.332613
0.178228
0.108209
0.079749
-0.248159
0.201913
0.050455
0.445991
-0.093039
-0.061468
-0.193872
-0.46736
-0.025541
0.299982
-0.02219
0.127866
0.113618
-0.154692
0.153132
0.130231
-0.137283
0.187338
0.057769
-0.172671
-0.22642
0.077596
0.067777
0.19777
-0.101325
-0.187501
0.067714
0.187285
-0.244306
0.120153
0.493053
0.466615
0.180244
0.081095
0.279861
0.173731
0.194757
0.061853
-0.02537
0.137177
0.058625
-0.041451
-0.083338
0.372558
0.246429
0.022739
0.011715
-0.088589
0.23272
0.405363
-0.116951
-0.043333
0.009645
0.073675
-0.080159
0.329207
0.570455
0.059109
0.004721
-0.177412
0.114259
-0.015577
0.212486
-0.052156
0.264744
-0.106952
0.041275
-0.063703
-0.068835
0.19528
0.460543
-0.072873
-0.013099
0.457594
0.21179
-0.098314
0.253848
0.329181
-0.086595
0.023769
0.19508
-0.062588
-0.014499
0.190024
-0.133266
0.068707
0.128109
0.05744
-0.00581
0.337963
-0.01699
-0.094031
0.040859
-0.017264
0.173573
0.220861
0.387717
-0.075806
0.157362
0.069494
-0.069311
0.247195
0.008696
0.542376
-0.055376
-0.110994
0.25588
-0.053922
0.006751
0.104153
-0.024968
0.575179
-0.175045
-0.10924
-0.046426
-0.204936
-0.014482
-0.100361
-0.237764

