0.073109
-0.144626
-0.067403
0.150209
0.117339
-0.122015
0.21307
0.002405
0.089063
0.045594
0.193524
0.074135
0.167869
-0.034655
-0.286668
0.092712
-0.02367
0.103276
0.169485
0.123652
-0.102181
-0.105061
0.115691
-0.094813
-0.076098
0.009643
-0.032346
-0.134969
0.090151
-0.081673
0.083831
-0.065147
0.1916
0.167746
0.123801
0.113665
-0.120413
0.0838
-0.154062
0.009708
-0.011769
0.241263
0.15213
0.161019
0.065006
-0.033282
0.002029
-0.213015
0.110862
-0.033449
-0.154909
-0.156243
-0.000904
0.222972
0.04096
0.257352
-0.166878
-0.15274
0.031187
-0.14918
-0.082677
-0.039634
0.042763
0.042484
-0.090796
0.216334
0.206694
0.112515
0.01234
-0.064438
0.288452
0.251358
0.041676
0.18118
-0.064478
0.26555
0.135782
-0.085517
-0.032791
0.031226
0.058717
0.420219
-0.195599
0.058149
-0.060859
-0.094839
-0.238372
0.230242
-0.027777
-0.009772
0.2866
-0.057456
0.117452
-0.046815
-0.103337
0.148659
0.380537
-0.049089
0.00014
0.349458
0.591323
0.117225
0.130326
0.104224
0.177105
-0.043278
-0.093455
0.394733
-0.106235
0.130567
0.245136
-0.148425
0.324511
0.270876
0.145362
0.004719
0.08165
-0.154354
-0.221515
0.099947
0.052626
0.43478
0.041089
0.190341
-0.089417
0.112739
-0.002107
0.542072
-0.111643
0.212246
0.169051
-0.114513
0.240697
0.167258
0.273518
-0.077469
0.023701
0.195149
-0.090939
-0.01139
-0.022493
0.014598
-0.093046
0.038961

