-0.002134
-0.059786
-0.143282
0.005814
-0.205448
0.265029
-0.267288
0.047838
-0.186096
0.132634
0.060728
0.059131
-0.123144
0.049644
0.081579
-0.051328
0.196791
-0.093772
-0.1474
-0.288611
0.044101
0.0581
0.145133
0.04032
0.024477
-0.056393
-0.100305
0.026423
0.184824
-0.049599
0.064492
-0.021953
-0.19083
0.055634
-0.112579
0.132153
-0.458057
-0.245691
0.023888
0.121176
0.239728
0.056529
0.232496
-0.142405
-0.176235
-0.149024
-0.042703
-0.078175
-0.47056
0.162562
-0.198337
0.175598
-0.12293
0.128268
-0.200708
-0.041233
0.11461
-0.063181
-0.177798
0.08918
-0.088659
-0.032386
-0.178067
-0.052414
-0.037186
-0.253545
0.027342
0.100639
0.130287
0.104095
0.14118
-0.079974
0.118593
0.035533
-0.174491
-0.022432
0.051214
-0.2056
0.054631
0.111087
0.036584
0.192807
0.180137
-0.207069
-0.213344
-0.080131
0.127832
-0.100608
0.180075
-0.052899
-0.278259
-0.026144
-0.060355
0.099969
-0.034516
0.129061
-0.0966
-0.00874
0.2829
0.051558
-0.106371
0.286176
-0.074093
-0.115301
-0.194714
-0.068009
0.013438
0.066414
-0.264171
-0.076847
0.074965
-0.015832
-0.076595
-0.101091
0.252384
0.10513
0.035213
-0.18904
0.022335
-0.225248
0.147989
-0.115195
-0.135998
-0.162125
0.194572
0.076018
-0.031712
-0.200184
0.098905
-0.049244
0.109774
0.002494
-0.129932
0.139011
0.174738
-0.189952
-0.015788
0.1446
-0.074249
-0.10411
0.091169
0.025045
-0.018113
-0.069389
-0.306493
0.195747
0.017318
0.116904
0.120844
0.148979
0.012932
-0.358912
-0.062145
-0.138062
-0.110165
0.014662
0.041679
-0.192557
0.039772
-0.109462
-0.130125
-0.163835
0.123541
0.101063
0.051922
0.140555
0.023013
0.174003
-0.356069
-0.040199
-0.119019
0.018816
0.073409
-0.152281
-0.236176
0.057786
0.067142
0.043077
-0.201014
-0.007556
-0.085869
0.022197
-0.069607
0.11172
0.124794
0.158225
-0.037125
-0.09185
0.064988
-0.016366
0.183467
0.042017
-0.312419
0.146783
0.079753
-0.023576
-0.105521
0.001806
0.151072
-0.013851
-0.197115
-0.117582
0.042801
0.033402
-0.195132
-0.050488
-0.056566
0.169234
0.017883
-0.0875
0.059221
0.018305
-0.151164
-0.146901
-0.1372
0.088409
0.094088
0.028119
0.11758
-0.102815
-0.169217
0.01102
0.126981
-0.1791
0.053596
-0.032943
0.120248
-0.181854
-0.224276
0.006581
-0.000914
0.004339
-0.083117
-0.049165
-0.243717
0.249062
-0.223643
-0.018185
-0.196373
0.131127
-0.168602
-0.115211
-0.053134
-0.224356
-0.130339
0.162084
0.012598
-0.000767
-0.153971
-0.116481
-0.182821
0.024884
0.004404
0.292927
0.04353
-0.148134
0.099274
-0.087746
-0.04615
0.220082
0.230348
-0.129958
0.023758
-0.158244
-0.177738
-0.047163
0.167115
-0.062055
0.006432
0.144871
0.148748
-0.150006
-0.120382
-0.112228
0.137359
-0.058569
-0.371683
0.09739
-0.176833
0.138376
0.123368
0.009404
-0.042844
-0.157752
-0.121186
0.14513
0.029871
-0.029698
-0.182977
0.191052
-0.142528
-0.164131
0.060019
-0.202756
0.175961
0.055821
-0.108561
0.27603
-0.099032
-0.213526
-0.38415
-0.086157
0.01816
-0.058756
0.126156
0.114682
-0.125731
-0.157759
0.111964
0.13898
-0.102905
-0.04536
-0.226819
0.018645
-0.081036
-0.106478
-0.049643
-0.083282
0.193997
0.134348
-0.086332
-0.134163
0.134614
-0.228124
-0.461754
-0.040618
-0.151219
0.094618
0.081462
-0.041488
0.171149
0.099305
0.056898
0.124365
0.002882
-0.089496
0.093715
0.077866
-0.173835
-0.133759
-0.09735
-0.01979
-0.040966
-0.124776
0.2128
0.164462
0.0135
0.044698
-0.136328
-0.005462
0.074257
-0.14135
-0.007936
0.080058
-0.051467
0.114926
-0.20679
-0.03436
-0.04088
0.027629
-0.32092
0.141632
-0.174896
0.035344
-0.04249
-0.061838
-0.147816
0.014614
0.114678
-0.049331
0.176276
-0.036053
-0.178223
0.141449
0.17355
0.085194
-0.280344
-0.05909
-0.100529
-0.019325
0.098933
-0.041306
-0.198395
-0.167389
0.177995
0.148908
-0.18833
0.195616
0.087934
0.140405
0.068155
0.184535
-0.101233
0.054645
0.101394
0.160321
0.150116
0.172404
-0.045786
0.207956
-0.185698
-0.015401
0.005041
0.160473
0.05115
-0.239964
-0.133811
0.107196
0.11279
0.099371
-0.145696
-0.091624
-0.175674
-0.184641
-0.009447
0.161283
-0.174513
-0.235281
0.100876
-0.042848
-0.211454
6.8e-05
-0.152991
-0.188751
0.016493
0.134415
-0.135342
0.108266
0.158448
-0.013751
-0.169437
0.066622
0.078713
0.1152
0.048914
-0.05634
0.164597
0.077665
0.113724
-0.12822
0.03148
0.189199
0.066659
-0.155044
-0.090216
-0.092201
-0.054468
0.036411
0.225474
-0.200727
0.133193
-0.102713
-0.106957
-0.068879
-0.009897
-0.106332
-0.142769
0.18663
0.135037
0.058257
-0.162688
-0.126973
0.028905
0.193686
-0.093959
0.043126
-0.193812
-0.022129
0.116434
0.167399
0.04455
0.023162
0.054999
-0.240463
-0.06582
0.104285
-0.086626
-0.129397
0.022254
-0.183254
-0.283216
0.085153
0.033572
0.068508
-0.151299
0.02848
-0.145977
0.041301
-0.007016
-0.051522
0.002763
0.126115
0.261254
-0.160229
0.116814
-0.119175
-0.131201
0.076707
0.05631
-0.176766
-0.249382
-0.008887
0.139429
-0.034003
-0.246625
0.129971
-0.081811
0.056124
0.030691
0.107544
0.069861
0.06599
0.070615
-0.103198
-0.041858
-0.145876
0.091811
-0.041114
-0.067454
0.142063
0.093526
0.12608
-0.155366
0.128255
-0.056636
0.130673
0.043533
0.040204
-0.423835
-0.046995
0.19233
-0.023789
0.034263
-0.038888
-0.06716
0.228655
-0.032512
0.11664
-0.054056
0.175768
0.003006
-0.032057
-0.073214
-0.028041
0.02492
-0.089437
0.000682
0.209711
-0.131012
0.040064
-0.244738
0.00894
-0.152058
0.015439
0.043595
-0.262239
0.093278
-0.277786
0.023457
-0.028754
0.038277
0.136331
-0.178598
-0.277198
-0.199431
0.191119
-0.124592
-0.089056
0.1957
0.180568
-0.139117
0.200013
0.187617
0.05099
-0.179562
0.010212
0.050617
0.181845
0.08925
0.083214
-0.213958
-0.163118
0.192226
0.1531
0.205192
0.180295
-0.090265
-0.161521
-0.179762
0.00855
0.185126
-0.025597
-0.070104
0.042376
0.147958
-0.058542
0.227605
0.13783
-0.182375
0.067776
-0.22183
-0.04465
-0.196487
0.010977
0.071859
-0.266266
-0.052276
-0.143175
-0.230414
0.125359
-0.013854
0.053046
-0.235252
0.142917
0.073474
-0.208643
0.215689
-0.098989
-0.044507
0.141194
-0.013223
0.086473
-0.067007
-0.079823
-0.395456
0.095458
0.154796
-0.059931
-0.082458
-0.131818
0.127247
-0.177319
-0.247059
0.081194
0.279747
-0.039129
0.009059
-0.122205
-0.020127
0.080031
0.093521
-0.097614
-0.130471
-0.202979
-0.075971
-0.10473
-0.091194
0.02908
0.216171
0.196004
0.008594
-0.067478
-0.052847
-0.061474
-0.058855
0.003294
-0.032039
-0.096304
-0.014689
0.170369
0.16676
0.094581
0.044494
-0.131648
-0.025395
0.009535
0.00709
0.044821
0.145972
0.05188
0.221672
-0.143715
-0.137137
0.041162
0.00606
-0.112058
0.018636
-0.165791
0.235319
0.221307
0.054314
0.082482
-0.086778
-0.123115
-0.356421
0.067082
-0.017777
0.005326
-0.135164
0.101134
-0.117086
-0.099201
-0.060318
-0.039937
0.147231
-0.00031
-0.295472
-0.100869
-0.185272
0.193571
0.007068
-0.022632
0.115694
-0.096004
-0.089347
0.121598
-0.002781
0.260277
-0.134226
0.020187
-0.180713
-0.126353
0.136138
0.003749
0.182053
0.046621
-0.222656
-0.165071
0.196627
-0.142543
-0.063804
-0.064182
-0.12918
0.130447
0.077186
-0.09407
-0.016976
0.038051
-0.046848
0.168731
0.02674
0.112684
0.030923
0.337342
-0.193824
-0.171919
0.119284
-0.244521
0.004598
-0.15076
0.138573
-0.043397
-0.009252
-0.11093
-0.079259
-0.066799
-0.050817
-0.252379
-0.03495
-0.109339
0.107726
-0.126818
-0.026396
-0.055702
-0.051175
-0.057247
-0.383681
-0.195403
-0.245675
-0.240742
-0.070172
-0.08651
-0.156775
-0.000564
-0.16971
-0.010441
0.219342
-0.05244
-0.056549
-0.067806
-0.049179
0.003875
0.058999
-0.027618
-0.082833
0.13827
0.214322
0.069606
-0.123147
0.180823
0.262336
0.302969
-0.027059
0.178953
-0.005007
0.088536
0.146037
0.205377
-0.133006
-0.028932
-0.14357
0.101402
0.051787
-0.097101
0.11369
0.076748
-0.230297
0.163025
-0.024501
0.061383
-0.158713
-0.025254
-0.0722
-0.134118
-0.129706
-0.098142
0.006596
0.038916
0.167081
-0.229614
-0.117993
0.110596
0.030232
-0.128662
0.046479
-0.104405
-0.025653
0.224655
0.077906
-0.098377
-0.17179
-0.072144
-0.061797
0.075814
0.209134
-0.166809
-0.16096
0.042788
-0.034355
0.186154
-0.144846
-0.002143
-0.05262
-0.011172
0.029001
-0.203677
0.088026
-0.069502
0.005029
0.13835
0.21185
-0.099094
-0.087964
-0.181089
0.166762
-0.014104
-0.069157
0.073396
-0.04121
0.007465
-0.04392
-0.010995
0.224722
-0.015824
-0.067479
0.047288
0.13815
-0.173291
0.018749
0.030833
-0.155686
0.116253
0.090793
-0.029227
-0.344078
0.157594
-0.174954
0.055867
0.015932
-0.059013
-0.124377
0.099171
-0.111046
0.003125
0.139153
-0.032141
-0.206299
0.159428
-0.207066
-0.270746
0.11308
-0.060639
0.155731
0.004591
-0.025326
-0.172911
-0.215744
-0.204472
-0.020879
0.051054
0.007172
0.143867
0.032519
-0.036667
0.089151
-0.117677
-0.188814
0.040501
-0.014705
0.115572
0.134872
0.135991
-0.259274
-0.126175
-0.066469
0.162217
0.076034
0.228619
0.178369
-0.129059
-0.004142
0.11441
0.106284
0.148826
0.230242
0.148834
-0.026768
0.257004
-0.022594
-0.257254
-0.058831
-0.127626
-0.175958
-0.069822
-0.220047
-0.206714
0.040731
-0.001347
0.019948
-0.025706
0.167296
0.281652
0.11263
-0.172966
-0.047532
0.01995
0.069374
0.018548
0.178818
0.130686
0.029467
0.193455
-0.195013
0.137946
0.122625
-0.117434
-0.06279
-0.16568
-0.269349
-0.021859
0.008141
-0.000696
-0.030585
0.256578
-0.25149
-0.303453
-0.26145
-0.278139
0.182274
0.249682
-0.074264
-0.124833
-0.055669
-0.074705
0.010573
0.068579
0.164216
0.111933
-0.181164
0.010506
-0.137997
0.150965
0.332934
0.169475
0.144428
-0.139941
-0.102696
0.06177
0.149256
0.139508
0.052269
-0.030316
0.088385
0.086424
-0.381029
-0.138493
-0.030533
0.028663
0.174597
-0.037462
-0.04754
-0.236246
0.125824
0.150979
-0.24961
-0.064439
-0.120762
-0.051058
-0.049169
-0.179136
0.101809
0.003204
0.224859
-0.020488
0.234391
0.195838
0.134671
-0.273055
-0.103583
-0.108495
-0.049834
-0.002466
0.058021
-0.12355
-0.104615
0.130146
0.171587
-0.095399
-0.071513
-0.127291
-0.39299
-0.043948
-0.173966
-0.062607
0.121861
-0.116414
-0.21436
-0.275194
-0.125819
0.104589
0.16277
0.125279
-0.375472
-0.050329
0.058164
-0.056077
0.017757
-0.1277
0.047018
-0.040499
-0.012131
0.182384
0.081193
0.018698
-0.348403
0.084828
-0.167516
-0.017241
-0.108032
0.040575
-0.10448
0.00592
0.21247
0.025597
-0.106278
0.105471
-0.152145
0.028539
-0.150486
0.049259
-0.102101
-0.028918
-0.169442
-0.135657
0.127063
0.125276
0.060286
0.118523
-0.199423
-0.154254
0.073296
-0.048115
0.095332
0.007637
0.01759
-0.17603
-0.061604
0.055064
-0.134866
0.061436
0.117472
-0.023303
-0.087988
-0.05646
-0.225564
-0.078853
-0.03474
-0.101284
0.144871
0.034927
0.014817
0.219054
0.074712
0.212407
0.159416
0.1468
-0.16047
0.215792
-0.065477
-0.008295
-0.044516
0.058204
-0.006574
0.075495
0.07639
0.170611
0.175333
-0.10074
0.010298
0.16224
0.015487
0.169757
-0.003028
-0.165712
-0.066385
0.147588
-0.020682
0.083387
0.104467
0.033863
-0.054285
-0.155614
-0.23162
0.299488
-0.176317
-0.292173
-0.045664
-0.084749
-0.165984
-0.081692
0.09274
0.056983
0.15461
-0.014306
0.028057
-0.104864
0.113049
0.055963
0.067388
-0.153391
-0.094957
0.152867
0.025106
-0.154466
-0.119892
0.009676
-0.032335
-0.197993
0.182651
0.127046
-0.085092
-0.081367
0.244276
-0.01951
0.043121
-0.188906
0.063157
0.031941
-0.094048
-0.09426
-0.00025
-0.020578
-0.208921
0.08887
-0.114825
-0.031087
0.211465
0.094303
-0.214173
0.248031
0.043918
0.092499
-0.112023
0.010771
0.212373
-0.086339
0.028223
0.130613
0.251403
0.037633
0.030569
-0.224268
0.145087
-0.135287
-0.146376
0.104159
0.113974
-0.129744
0.194661
-0.080269
-0.071895
-0.114642
-0.090249
-0.197955
0.124797
0.047409
-0.074673
-0.080948
-0.061385
0.01123
0.312608
-0.197609
0.019239
0.221573
-0.267444
0.061126
-0.189216
-0.20058
-0.016581
0.155086
-0.240403
0.032677
0.072189
0.19663
-0.036026
0.14719
0.091195
0.046503
0.128606
-0.212255
0.02422
0.045625
0.080623
-0.126331
0.087393
-0.075948
0.089598
-0.09541
0.123233
0.019974
-0.225568
-0.261084
0.041953
0.005108
0.305732
-0.108564
0.039399
0.00762
0.150067
-0.179869
-0.162363
-0.163822
0.139994
-0.037555
-0.099825
0.064238
0.124745
-0.059604
0.059859
0.105423
-0.008543
0.05908
0.086617
0.119504
0.117219
0.053383
0.073102
-0.143136
-0.04003
-0.062712
-0.219134
-0.075558
0.128869
0.00066
-0.139141
0.018833
0.148383
0.072523
-0.17999
-0.158094
-0.085346
-0.069158
-0.398341
-0.09933
-0.216835
-0.131047
0.056016
0.082314
-0.138377
-0.159453
-0.092398
-0.021426
0.13828
0.101054
0.316832
-0.101195
-0.203482
-0.129032
0.149809
-0.258229
-0.181634
-0.01
0.082334
-0.050105
0.08476
-0.141785
-0.398014
0.027888
0.170991
-0.010327
-0.097385
-0.062757
0.130843
0.068044
0.118785
0.07184
-0.16747
0.050555
-0.119564
0.167272
-0.163412
0.090635
-0.012073
0.19432
-0.088108
0.127264
0.147857
-0.038706
-0.040247
0.121922
0.045768
0.158755
-0.046871
0.178001
0.183532
0.002995
0.083618
0.217852
0.237092
-0.16142
-0.126611
0.124477
-0.369165
0.102562
-0.142861
-0.003392
-0.029194
0.166747
0.071723
0.220155
0.160754
0.068866
-0.079776
0.061238
-0.157262
-0.119002
-0.01351
0.1964
-0.325702
0.126594
-0.057037
-0.029059
-0.154995
-0.183744
-0.275575
0.184009
0.175555
-0.026885
-0.137906
0.04332
0.170701
0.148805
0.112798
-0.034031
0.123599
0.083798
0.17849
0.11185
0.129323
-0.055693
-0.129997
0.055912
0.134757
-0.132167
0.041232
0.122262
-0.162535
-0.067676
-0.142271
-0.048833
0.002836
-0.138946
-0.151842
-0.212919
0.11669
-0.292672
0.064647
0.152795
0.005192
-0.036672
-0.0303
0.143926
0.133552
0.158631
0.23312
-0.12386
-0.281227
-0.011202
-0.156192
-0.093529
-0.166344
-0.125059
0.073936
-0.082598
-0.21768
0.215942
0.003089
-0.179416
-0.100444
-0.160972
-0.070442
-0.174442
0.073786
0.208598
-0.063767
-0.17204
-0.015532
0.114998
-0.041256
0.025755
0.015752
-0.150067
-0.100194
0.113742
-0.090478
0.12999
0.16768
-0.157548
-0.246085
-0.107322
0.067416
0.227786
0.124264
-0.058367
-0.028924
-0.047632
0.070757
0.050897
0.005189
0.016344
-0.270952
0.127536
-0.172261
-0.146453
-0.1181
0.100837
-0.155677
-0.040853
0.073897
-0.041092
-0.147926
-0.137671
0.20397
-0.131357
-0.169316
0.059012
-0.054743
-0.107346
-0.258367
-0.055912
-0.027878
-0.103591
0.039683
0.01844
0.06571
-0.020418
0.11755
0.072563
-0.107662
-0.044352
-0.054654
-0.228863
-0.084288
-0.014311
0.134625
0.03945
0.133844
0.045148
-0.140711
-0.099652
-0.011552
-0.056457
-0.008851
0.04457
-0.05205
-0.124334
0.119334
-0.160654
-0.1316
-0.085818
-0.081652
0.190659
0.151231
0.089783
-0.199946
0.154792
-0.170034
0.055904
0.062626
0.141707
-0.00554
0.089815
-0.164652
0.097658
-0.139945
-0.2243
-0.019739
-0.154278
0.109151
0.225768
-0.117113
-0.052402
-0.312779
-0.140912
0.164818
-0.057958
0.007354
-0.047208
0.162621
-0.061198
-0.035704
0.178628
-0.104765
-0.183153
0.270966
-0.25941
-0.156308
0.022818
0.084446
-0.032074
-0.101195
-0.048696
0.138951
0.058468
0.01512
-0.185285
0.093959
-0.282207
0.00969
0.144604
-0.110947
-0.146702
-0.026816
-0.131551
0.182854
-0.086774
0.032936
-0.104495
0.178613
0.083935
0.210854
0.018441
-0.056871
0.183918
-0.189274
-0.023372
0.098386
-0.078966
0.120223
-0.049154
-0.085777
-0.149873
0.046114
0.140055
-0.109539
0.04222
0.101241
0.212845
0.032117
0.063247
-0.14696
0.058943
-0.300381
0.154065
-0.13912
-0.077329
0.087856
0.001668
-0.091898
0.226407
0.261225
0.126706
-0.26771
0.041501
0.088893
0.060575
0.024661
0.087818
-0.012141
-0.10838
0.19179
-0.108936
-0.243216
-0.243895
-0.173805
-0.101424
0.113699
0.210687
0.253333
0.113189
-0.124476
-0.00716
0.012449
-0.085628
-0.270529
-0.06596
-0.273638
-0.082985
0.130758
-0.105103
-0.059859
-0.008126
0.070352
0.280119
0.066475
-0.076744
0.115494
-0.129827
-0.123446
-0.090972
-0.070554
0.159847
-0.06631
-0.265694
-0.174913
0.127758
-0.216087
0.021878
0.111877
0.158501
-0.283973
0.042649
-0.191372
0.078563
-0.050413
-0.017228
-0.020515
0.039156
0.117134
0.171536
0.082682
0.119391
0.030674
0.143094
0.203049
-0.216589
-0.238259
-0.073956
0.076492
-0.317603
-0.081804
0.061146
-0.155821
0.099058
0.036632
-0.114514
-0.032362
-0.040971
0.016571
-0.134852
-0.215326
0.261689
-0.130954
-0.173973
0.005246
0.089797
-0.086799
0.068739
-0.22066
-0.103157
0.194043
0.200418
-0.060372
-0.045589
0.169638
0.127069
-0.056127
-0.16094
-0.007827
0.219818
-0.221632
-0.084312
0.117439
0.153328
-0.069912
0.16021
-0.156476
-0.112517
0.051042
-0.161737
0.147147
0.141428
-0.111946
-0.199478
-0.064173
0.194912
-0.230721
0.268952
0.014984
0.121804
-0.152891
-0.094793
-0.014667
-0.180532
-0.013476
0.211098
0.092334
-0.145459
-0.054013
-0.042227
-0.101548
-0.063407
0.102361
0.00284
-0.145068
7.1e-05
-0.057937
-0.207669
-0.017881
-0.119414
-0.150049
-0.189274
0.229216
0.165457
0.163775
0.098205
-0.072883
-0.103245

