1 0.00359699 0.000170185 0.0184946 0.0100059 1.828e-05 2.06253e-051.872e-05 2.06984e-05
2 0.0107787 0.00582626 0.0280134 0.00478275 1.625e-05 2.0325e-051.712e-05 2.05389e-05
3 0.00935995 0.00626125 0.04107 0.0108998 2.046e-05 2.08756e-051.418e-05 1.97582e-05
4 0.00909545 0.000110264 0.0603904 0.0137017 1.874e-05 2.07203e-051.502e-05 2.00285e-05
5 0.0155288 0.00444726 0.0662262 0.00822195 1.712e-05 2.05389e-051.661e-05 2.03455e-05
6 0.0189229 0.000924275 0.0615159 0.0075382 1.787e-05 2.0577e-051.666e-05 2.04065e-05
7 0.0257329 0.00556212 0.06912 0.0189568 1.834e-05 2.06926e-051.998e-05 2.07986e-05
8 0.031195 0.000838991 0.0719721 0.0060771 2.002e-05 2.08399e-051.914e-05 2.07403e-05
9 0.0437638 0.00108187 0.0831029 0.0124922 2.379e-05 2.15022e-051.834e-05 2.15087e-05
10 0.0531584 0.00154589 0.0908575 0.0108132 1.536e-05 2.00452e-051.541e-05 2.01102e-05
11 0.0655983 0.00258689 0.0937959 0.012834 1.746e-05 2.05204e-051.707e-05 2.04794e-05
12 0.0791254 0.00359246 0.102645 0.0107785 1.917e-05 2.07726e-051.794e-05 2.06571e-05
13 0.0843346 0.00516478 0.106509 0.010797 1.956e-05 2.07737e-051.792e-05 2.06343e-05
14 0.0903018 0.00337119 0.111316 0.00955702 1.997e-05 2.07882e-051.538e-05 2.00713e-05
15 0.101238 0.004718 0.122778 0.0158946 1.754e-05 2.06138e-052.166e-05 2.08131e-05
16 0.113886 0.00257833 0.124848 0.0147247 2.083e-05 2.08327e-051.748e-05 2.05439e-05
17 0.138957 0.00528439 0.13495 0.0141536 1.462e-05 1.99253e-051.787e-05 2.0577e-05
18 0.162219 0.00525097 0.153087 0.0251142 1.418e-05 1.97582e-051.7e-05 2.03956e-05
19 0.186042 0.00548943 0.147125 0.0145761 2.165e-05 2.08036e-051.918e-05 2.07834e-05
20 0.211435 0.00622768 0.156419 0.0171428 1.704e-05 2.04435e-052.08e-05 2.08029e-05
21 0.241644 0.00571193 0.162886 0.0149998 2.042e-05 2.08352e-051.706e-05 2.04675e-05
22 0.276439 0.0133732 0.187404 0.029978 2.001e-05 2.08296e-051.791e-05 2.06229e-05
23 0.31018 0.0147372 0.188332 0.0263656 2.125e-05 2.08319e-051.833e-05 2.06814e-05
24 0.340137 0.0055013 0.19679 0.0256689 2.084e-05 2.08426e-051.914e-05 2.07403e-05
25 0.376353 0.00835535 0.194773 0.0142187 1.873e-05 2.07094e-052.166e-05 2.08131e-05
26 0.413263 0.00646512 0.20893 0.0341927 2.043e-05 2.08453e-051.96e-05 2.08159e-05
27 0.457665 0.00685661 0.216824 0.0218173 1.835e-05 2.07038e-051.501e-05 2.00152e-05
28 0.516382 0.0146077 0.220767 0.0163789 1.835e-05 2.07038e-051.919e-05 2.07941e-05
29 0.565277 0.0067526 0.232191 0.0203255 1.831e-05 2.0659e-052.003e-05 2.08502e-05
30 0.621943 0.00734656 0.239709 0.0179113 2.043e-05 2.08453e-051.292e-05 1.92773e-05
31 0.679689 0.00774546 0.250025 0.0259803 1.877e-05 2.07533e-051.96e-05 2.08159e-05
32 0.737398 0.0143774 0.265895 0.0288233 1.709e-05 2.05032e-051.541e-05 2.01102e-05
33 0.808939 0.0103494 0.284759 0.0398558 1.54e-05 2.00973e-051.834e-05 2.06926e-05
34 0.893993 0.00919992 0.322948 0.0308415 1.626e-05 2.03375e-051.46e-05 1.98982e-05
35 0.968574 0.00967056 0.338423 0.0327329 1.788e-05 2.05885e-051.705e-05 2.04555e-05
36 1.04633 0.0088835 0.358019 0.033464 1.376e-05 1.96082e-052.211e-05 2.08235e-05
37 1.12888 0.00949955 0.357913 0.0346914 1.579e-05 2.01714e-051.416e-05 1.97305e-05
38 1.2134 0.0171316 0.37437 0.0365474 2.003e-05 2.08502e-051.747e-05 2.05322e-05
39 1.30054 0.014575 0.378716 0.0328757 1.878e-05 2.07642e-051.833e-05 4.09597e-05
40 1.38815 0.0151328 0.388368 0.0378692 2.042e-05 2.08352e-051.75e-05 2.05672e-05
41 1.50837 0.0115239 0.410048 0.0385232 1.582e-05 2.02096e-052.251e-05 2.07786e-05
42 1.61362 0.00906942 0.407445 0.0359001 1.336e-05 1.94769e-051.749e-05 2.05555e-05
43 1.6979 0.0154331 0.42875 0.044237 1.876e-05 2.07423e-051.583e-05 2.02223e-05
44 1.80603 0.0117897 0.429856 0.0413346 1.706e-05 2.04675e-052.046e-05 2.08756e-05
45 1.9296 0.0104838 0.445206 0.0391612 1.5e-05 2.0002e-051.583e-05 2.02223e-05
46 2.09046 0.00991103 0.447087 0.0494877 1.876e-05 2.07423e-051.706e-05 2.04675e-05
47 2.22351 0.011472 0.45819 0.0427012 1.416e-05 1.97305e-052.043e-05 2.08453e-05
48 2.35982 0.010219 0.456856 0.0418279 1.83e-05 2.06478e-051.547e-05 2.01879e-05
49 2.4706 0.0221294 0.488408 0.0435226 1.788e-05 2.05885e-051.957e-05 2.07843e-05
50 2.65253 0.0164863 0.496253 0.0414479 1.464e-05 1.99522e-051.704e-05 2.04435e-05
51 2.80499 0.0201678 0.497654 0.0424023 1.668e-05 2.04308e-051.792e-05 2.06343e-05
52 2.95021 0.0263491 0.513849 0.0496005 1.748e-05 2.05439e-051.966e-05 2.08788e-05
53 3.13691 0.015987 0.518557 0.0418706 1.997e-05 2.07882e-051.83e-05 2.06478e-05
54 3.2877 0.0299568 0.538647 0.0461193 1.751e-05 2.05789e-051.956e-05 2.07737e-05
55 3.48342 0.0237005 0.555024 0.0545781 1.916e-05 2.07619e-052.006e-05 2.0881e-05
56 3.67335 0.0186316 0.561097 0.0499182 1.168e-05 1.87312e-051.665e-05 2.03943e-05
57 3.85466 0.0339838 0.563289 0.0428733 1.372e-05 1.95515e-051.493e-05 1.99089e-05
58 4.0749 0.0137415 0.585458 0.0520254 1.709e-05 2.05032e-052.08e-05 2.08029e-05
59 4.28428 0.0309125 0.597592 0.055378 1.791e-05 2.06229e-051.664e-05 2.03821e-05
60 4.49663 0.0164573 0.607131 0.0544182 1.29e-05 1.92476e-051.837e-05 2.07262e-05
61 4.72028 0.0373399 0.607469 0.0525614 1.208e-05 1.89033e-051.546e-05 2.01749e-05
62 4.94588 0.0192856 0.620017 0.0478712 1.834e-05 2.06926e-051.457e-05 1.98576e-05
63 5.17863 0.0258005 0.642018 0.0569403 1.462e-05 1.99253e-051.869e-05 2.06653e-05
64 5.33801 0.0415699 0.644257 0.0564736 1.503e-05 2.00417e-051.621e-05 2.02753e-05
65 5.70167 0.0317946 0.654676 0.049611 1.33e-05 1.93899e-051.83e-05 2.06478e-05
66 5.9295 0.0574099 0.673278 0.0519248 1.379e-05 1.96506e-051.42e-05 1.97859e-05
67 6.26203 0.101806 0.685256 0.0512753 1.709e-05 2.05032e-051.459e-05 1.98847e-05
68 6.5008 0.106028 0.697395 0.0543302 1.541e-05 2.01102e-051.792e-05 2.06343e-05
69 6.82665 0.113349 0.697934 0.051147 1.541e-05 2.01102e-051.874e-05 2.07203e-05
